tb_thresh: 23.86131000518799
fb_thresh: 26.23844051361084
context_thresh: 13.92
change_thresh: 23.96
